12 60
0 -4 3 -3
0 -2 3 -3
0 0 3 -1
0 0 3 1
0 4 3 3
1 -5 4 -4
1 -3 4 -2
1 -1 4 -2
1 1 4 2
1 3 4 2
1 5 4 4
2 -4 5 -3
2 0 5 -1
2 0 5 1
2 4 5 3
3 -5 6 -4
3 -1 6 -2
3 1 6 2
3 3 6 2
3 5 6 4
4 -4 7 -3
4 0 7 -1
4 0 7 1
4 4 7 3
5 -5 8 -4
5 -3 8 -2
5 -1 8 -2
5 1 8 2
5 3 8 2
5 5 8 4
6 -4 9 -3
6 -2 9 -1
6 0 9 -1
6 0 9 1
6 4 9 3
7 -5 10 -4
7 -3 10 -2
7 -1 10 -2
7 1 10 2
7 3 10 2
7 5 10 4
8 -4 11 -3
8 0 11 -1
8 0 11 1
8 4 11 3
9 -5 12 -4
9 -3 12 -2
9 1 12 2
9 3 12 2
9 5 12 4
10 -4 13 -3
10 0 13 -1
10 0 13 1
10 4 13 3
11 -5 14 -4
11 -3 14 -2
11 -1 14 -2
11 1 14 2
11 3 14 2
11 5 14 4
