145 feasible combos (for at least one n in [96, 98, 100, 102])
slope 7.833 B=b_free_P6D4 T=b_d=1low%2=0_P6D4 L=l_d=5low%2=0_P4D2 R=l_free_P4D2  n=96:((1, 1, 0, 0), (2, 4, 2))  n=98:((1, 1, 0, 0), (2, 4, 2))  n=100:((1, 1, 0, 0), (2, 4, 2))  n=102:((1, 1, 0, 0), (2, 4, 2))
slope 7.833 B=b_free_P6D4 T=b_d=1low%2=1_P6D4 L=l_d=5low%2=0_P4D2 R=l_free_P4D2  n=96:((1, 0, 0, 0), (2, 4, 2))  n=98:((1, 0, 0, 0), (2, 4, 2))  n=100:((1, 0, 0, 0), (2, 4, 2))  n=102:((1, 0, 0, 0), (2, 4, 2))
slope 7.833 B=b_d=1low%2=0_P6D4 T=b_free_P6D4 L=l_free_P4D2 R=l_d=5low%2=0_P4D2  n=96:((0, 0, 0, 0), (2, 4, 2))  n=98:((0, 0, 0, 0), (2, 4, 2))  n=100:((0, 0, 0, 0), (2, 4, 2))  n=102:((0, 0, 0, 0), (2, 4, 2))
slope 7.833 B=b_d=1low%2=1_P6D4 T=b_free_P6D4 L=l_free_P4D2 R=l_d=5low%2=0_P4D2  n=96:((1, 0, 0, 0), (2, 4, 2))  n=98:((1, 0, 0, 0), (2, 4, 2))  n=100:((1, 0, 0, 0), (2, 4, 2))  n=102:((1, 0, 0, 0), (2, 4, 2))
slope 8.000 B=b_d=1low%2=0_P6D4 T=H16a L=l_free_P4D2 R=l_d=5low%2=0_P4D2  n=96:((0, 1, 0, 0), (2, 4, 2))  n=98:((0, 1, 0, 0), (2, 4, 2))  n=100:((0, 1, 0, 0), (2, 4, 2))  n=102:((0, 1, 0, 0), (2, 4, 2))
slope 8.000 B=b_d=1low%2=1_P6D4 T=H16a L=l_free_P4D2 R=l_d=5low%2=0_P4D2  n=96:((1, 1, 0, 0), (2, 4, 2))  n=98:((1, 1, 0, 0), (2, 4, 2))  n=100:((1, 1, 0, 0), (2, 4, 2))  n=102:((1, 1, 0, 0), (2, 4, 2))
slope 8.000 B=H16a T=b_d=1low%2=0_P6D4 L=l_d=5low%2=0_P4D2 R=l_free_P4D2  n=96:((0, 1, 0, 0), (2, 4, 2))  n=98:((0, 1, 0, 0), (2, 4, 2))  n=100:((0, 1, 0, 0), (2, 4, 2))  n=102:((0, 1, 0, 0), (2, 4, 2))
slope 8.000 B=H16a T=b_d=1low%2=1_P6D4 L=l_d=5low%2=0_P4D2 R=l_free_P4D2  n=96:((0, 0, 0, 0), (2, 4, 2))  n=98:((0, 0, 0, 0), (2, 4, 2))  n=100:((0, 0, 0, 0), (2, 4, 2))  n=102:((0, 0, 0, 0), (2, 4, 2))
slope 8.667 B=b_free_P6D4 T=b_free_P6D4 L=l_d=5low%2=0_P4D2 R=l_d=7low%2=1_P4D3  n=96:((1, 0, 0, 0), (2, 6, 4))  n=98:((1, 0, 0, 0), (2, 6, 4))  n=100:((1, 0, 0, 0), (2, 6, 4))  n=102:((1, 0, 0, 0), (2, 6, 4))
slope 8.667 B=b_free_P6D4 T=b_free_P6D4 L=l_d=7low%2=1_P4D3 R=l_d=5low%2=0_P4D2  n=96:((1, 0, 0, 0), (4, 6, 2))  n=98:((1, 0, 0, 0), (4, 6, 2))  n=100:((1, 0, 0, 0), (4, 6, 2))  n=102:((1, 0, 0, 0), (4, 6, 2))
slope 8.833 B=b_free_P6D4 T=b_d=1low%2=0_P6D4 L=l_d=7low%2=1_P4D3 R=l_free_P4D2  n=96:((1, 1, 0, 0), (4, 2, 2))  n=98:((1, 1, 0, 0), (4, 2, 2))  n=100:((1, 1, 0, 0), (4, 2, 2))  n=102:((1, 1, 0, 0), (4, 2, 2))
slope 8.833 B=b_free_P6D4 T=b_d=1low%2=1_P6D4 L=l_d=7low%2=1_P4D3 R=l_free_P4D2  n=96:((1, 0, 0, 0), (4, 2, 2))  n=98:((1, 0, 0, 0), (4, 2, 2))  n=100:((1, 0, 0, 0), (4, 2, 2))  n=102:((1, 0, 0, 0), (4, 2, 2))
slope 8.833 B=b_free_P6D4 T=H16a L=l_d=5low%2=0_P4D2 R=l_d=7low%2=1_P4D3  n=96:((1, 1, 0, 0), (2, 6, 2))  n=98:((1, 1, 0, 0), (2, 6, 2))  n=100:((1, 1, 0, 0), (2, 6, 2))  n=102:((1, 1, 0, 0), (2, 6, 2))
slope 8.833 B=b_free_P6D4 T=H16a L=l_d=7low%2=1_P4D3 R=l_d=5low%2=0_P4D2  n=96:((1, 1, 0, 0), (4, 6, 2))  n=98:((1, 1, 0, 0), (4, 6, 2))  n=100:((1, 1, 0, 0), (4, 6, 2))  n=102:((1, 1, 0, 0), (4, 6, 2))
slope 8.833 B=b_d=1low%2=0_P6D4 T=b_free_P6D4 L=l_free_P4D2 R=l_d=7low%2=1_P4D3  n=96:((0, 0, 0, 0), (2, 2, 4))  n=98:((0, 0, 0, 0), (2, 2, 4))  n=100:((0, 0, 0, 0), (2, 2, 4))  n=102:((0, 0, 0, 0), (2, 2, 4))
slope 8.833 B=b_d=1low%2=1_P6D4 T=b_free_P6D4 L=l_free_P4D2 R=l_d=7low%2=1_P4D3  n=96:((1, 0, 0, 0), (2, 2, 4))  n=98:((1, 0, 0, 0), (2, 2, 4))  n=100:((1, 0, 0, 0), (2, 2, 4))  n=102:((1, 0, 0, 0), (2, 2, 4))
slope 8.833 B=H16a T=b_free_P6D4 L=l_d=5low%2=0_P4D2 R=l_d=7low%2=1_P4D3  n=96:((0, 0, 0, 0), (2, 6, 4))  n=98:((0, 0, 0, 0), (2, 6, 4))  n=100:((0, 0, 0, 0), (2, 6, 4))  n=102:((0, 0, 0, 0), (2, 6, 4))
slope 8.833 B=H16a T=b_free_P6D4 L=l_d=7low%2=1_P4D3 R=l_d=5low%2=0_P4D2  n=96:((0, 0, 0, 0), (2, 6, 2))  n=98:((0, 0, 0, 0), (2, 6, 2))  n=100:((0, 0, 0, 0), (2, 6, 2))  n=102:((0, 0, 0, 0), (2, 6, 2))
slope 9.000 B=b_d=1low%2=0_P6D4 T=b_d=1low%2=0_P6D4 L=l_free_P4D2 R=l_d=5low%2=0_P4D2  n=96:((0, 1, 0, 0), (2, 4, 2))  n=98:((0, 1, 0, 0), (2, 4, 2))  n=100:((0, 1, 0, 0), (2, 4, 2))  n=102:((0, 1, 0, 0), (2, 4, 2))
slope 9.000 B=b_d=1low%2=0_P6D4 T=b_d=1low%2=0_P6D4 L=l_d=5low%2=0_P4D2 R=l_free_P4D2  n=96:((0, 1, 0, 0), (2, 4, 2))  n=98:((0, 1, 0, 0), (2, 4, 2))  n=100:((0, 1, 0, 0), (2, 4, 2))  n=102:((0, 1, 0, 0), (2, 4, 2))
slope 9.000 B=b_d=1low%2=0_P6D4 T=b_d=1low%2=1_P6D4 L=l_free_P4D2 R=l_d=5low%2=0_P4D2  n=96:((0, 0, 0, 0), (2, 4, 2))  n=98:((0, 0, 0, 0), (2, 4, 2))  n=100:((0, 0, 0, 0), (2, 4, 2))  n=102:((0, 0, 0, 0), (2, 4, 2))
slope 9.000 B=b_d=1low%2=0_P6D4 T=b_d=1low%2=1_P6D4 L=l_d=5low%2=0_P4D2 R=l_free_P4D2  n=96:((0, 0, 0, 0), (2, 4, 2))  n=98:((0, 0, 0, 0), (2, 4, 2))  n=100:((0, 0, 0, 0), (2, 4, 2))  n=102:((0, 0, 0, 0), (2, 4, 2))
slope 9.000 B=b_d=1low%2=0_P6D4 T=H16a L=l_free_P4D2 R=l_d=7low%2=1_P4D3  n=96:((0, 1, 0, 0), (2, 2, 2))  n=98:((0, 1, 0, 0), (2, 2, 2))  n=100:((0, 1, 0, 0), (2, 2, 2))  n=102:((0, 1, 0, 0), (2, 2, 2))
slope 9.000 B=b_d=1low%2=1_P6D4 T=b_d=1low%2=0_P6D4 L=l_free_P4D2 R=l_d=5low%2=0_P4D2  n=96:((1, 1, 0, 0), (2, 4, 2))  n=98:((1, 1, 0, 0), (2, 4, 2))  n=100:((1, 1, 0, 0), (2, 4, 2))  n=102:((1, 1, 0, 0), (2, 4, 2))
slope 9.000 B=b_d=1low%2=1_P6D4 T=b_d=1low%2=0_P6D4 L=l_d=5low%2=0_P4D2 R=l_free_P4D2  n=96:((1, 1, 0, 0), (2, 4, 2))  n=98:((1, 1, 0, 0), (2, 4, 2))  n=100:((1, 1, 0, 0), (2, 4, 2))  n=102:((1, 1, 0, 0), (2, 4, 2))
slope 9.000 B=b_d=1low%2=1_P6D4 T=b_d=1low%2=1_P6D4 L=l_free_P4D2 R=l_d=5low%2=0_P4D2  n=96:((1, 0, 0, 0), (2, 4, 2))  n=98:((1, 0, 0, 0), (2, 4, 2))  n=100:((1, 0, 0, 0), (2, 4, 2))  n=102:((1, 0, 0, 0), (2, 4, 2))
slope 9.000 B=b_d=1low%2=1_P6D4 T=b_d=1low%2=1_P6D4 L=l_d=5low%2=0_P4D2 R=l_free_P4D2  n=96:((1, 0, 0, 0), (2, 4, 2))  n=98:((1, 0, 0, 0), (2, 4, 2))  n=100:((1, 0, 0, 0), (2, 4, 2))  n=102:((1, 0, 0, 0), (2, 4, 2))
slope 9.000 B=b_d=1low%2=1_P6D4 T=H16a L=l_free_P4D2 R=l_d=7low%2=1_P4D3  n=96:((1, 1, 0, 0), (2, 2, 2))  n=98:((1, 1, 0, 0), (2, 2, 2))  n=100:((1, 1, 0, 0), (2, 2, 2))  n=102:((1, 1, 0, 0), (2, 2, 2))
slope 9.000 B=H16a T=b_d=1low%2=0_P6D4 L=l_d=7low%2=1_P4D3 R=l_free_P4D2  n=96:((0, 1, 0, 0), (2, 2, 2))  n=98:((0, 1, 0, 0), (2, 2, 2))  n=100:((0, 1, 0, 0), (2, 2, 2))  n=102:((0, 1, 0, 0), (2, 2, 2))
slope 9.000 B=H16a T=b_d=1low%2=1_P6D4 L=l_d=7low%2=1_P4D3 R=l_free_P4D2  n=96:((0, 0, 0, 0), (2, 2, 2))  n=98:((0, 0, 0, 0), (2, 2, 2))  n=100:((0, 0, 0, 0), (2, 2, 2))  n=102:((0, 0, 0, 0), (2, 2, 2))
slope 9.000 B=H16a T=H16a L=l_d=5low%2=0_P4D2 R=l_d=7low%2=1_P4D3  n=96:((0, 1, 0, 0), (2, 6, 2))  n=98:((0, 1, 0, 0), (2, 6, 2))  n=100:((0, 1, 0, 0), (2, 6, 2))  n=102:((0, 1, 0, 0), (2, 6, 2))
slope 9.000 B=H16a T=H16a L=l_d=7low%2=1_P4D3 R=l_d=5low%2=0_P4D2  n=96:((0, 1, 0, 0), (2, 6, 2))  n=98:((0, 1, 0, 0), (2, 6, 2))  n=100:((0, 1, 0, 0), (2, 6, 2))  n=102:((0, 1, 0, 0), (2, 6, 2))
slope 9.000 B=H16a T=H16a L=l_lanes=4o=0_P4D2 R=l_lanes=4o=0_P4D2  n=96:((0, 5, 2, 0), (4, 4, 4))  n=98:((0, 1, 2, 3), (4, 4, 4))  n=100:((0, 5, 2, 2), (4, 4, 4))  n=102:((0, 1, 2, 1), (4, 4, 4))
slope 9.000 B=H16a T=H16a L=l_lanes=4o=0_P4D2 R=l_lanes=4o=2_P4D2  n=96:((0, 5, 2, 1), (4, 4, 4))  n=98:((0, 1, 2, 0), (4, 4, 4))  n=100:((0, 5, 2, 3), (4, 4, 4))  n=102:((0, 1, 2, 2), (4, 4, 4))
slope 9.000 B=H16a T=H16a L=l_lanes=4o=0_P4D2 R=l_lanes=4o=4_P4D2  n=96:((0, 5, 2, 2), (4, 4, 4))  n=98:((0, 1, 2, 1), (4, 4, 4))  n=100:((0, 5, 2, 0), (4, 4, 4))  n=102:((0, 1, 2, 3), (4, 4, 4))
slope 9.000 B=H16a T=H16a L=l_lanes=4o=0_P4D2 R=l_lanes=4o=6_P4D2  n=96:((0, 5, 2, 3), (4, 4, 4))  n=98:((0, 1, 2, 2), (4, 4, 4))  n=100:((0, 5, 2, 1), (4, 4, 4))  n=102:((0, 1, 2, 0), (4, 4, 4))
slope 9.000 B=H16a T=H16a L=l_lanes=4o=0_P4D2 R=VerticalEdge  n=96:((0, 5, 2, 0), (4, 4, 4))  n=98:((0, 1, 2, 3), (4, 4, 4))  n=100:((0, 5, 2, 2), (4, 4, 4))  n=102:((0, 1, 2, 1), (4, 4, 4))
slope 9.000 B=H16a T=H16a L=l_lanes=4o=2_P4D2 R=l_lanes=4o=0_P4D2  n=96:((0, 5, 1, 0), (4, 4, 4))  n=98:((0, 1, 1, 3), (4, 4, 4))  n=100:((0, 5, 1, 2), (4, 4, 4))  n=102:((0, 1, 1, 1), (4, 4, 4))
slope 9.000 B=H16a T=H16a L=l_lanes=4o=2_P4D2 R=l_lanes=4o=2_P4D2  n=96:((0, 5, 1, 1), (4, 4, 4))  n=98:((0, 1, 1, 0), (4, 4, 4))  n=100:((0, 5, 1, 3), (4, 4, 4))  n=102:((0, 1, 1, 2), (4, 4, 4))
slope 9.000 B=H16a T=H16a L=l_lanes=4o=2_P4D2 R=l_lanes=4o=4_P4D2  n=96:((0, 5, 1, 2), (4, 4, 4))  n=98:((0, 1, 1, 1), (4, 4, 4))  n=100:((0, 5, 1, 0), (4, 4, 4))  n=102:((0, 1, 1, 3), (4, 4, 4))
