n	valid	X	T	Z	status	cornerX	bound	secs
64	True	581	633	6	OPTIMAL	106	106	7
66	True	594	650	6	OPTIMAL	96	96	5
68	True	619	680	6	OPTIMAL	107	107	11
70	True	632	692	6	OPTIMAL	99	99	6
72	True	653	714	6	OPTIMAL	106	106	10
74	True	666	732	6	OPTIMAL	96	96	3
76	True	691	753	6	OPTIMAL	107	107	7
78	True	705	780	6	OPTIMAL	100	100	6
80	True	725	805	6	OPTIMAL	106	106	8
82	True	738	814	6	OPTIMAL	96	96	7
84	True	763	844	6	OPTIMAL	107	107	8
86	True	775	851	6	OPTIMAL	98	98	6
88	True	797	886	6	OPTIMAL	106	106	12
90	True	810	896	6	OPTIMAL	96	96	12
92	True	835	926	6	OPTIMAL	107	107	13
94	True	848	938	6	OPTIMAL	99	99	11
96	True	869	969	6	OPTIMAL	106	106	16
98	True	882	978	6	OPTIMAL	96	96	8
100	True	907	1008	6	OPTIMAL	107	107	13
102	True	921	1026	6	OPTIMAL	100	100	19
104	True	941	1050	6	OPTIMAL	106	106	12
106	True	954	1063	6	OPTIMAL	96	96	8
108	True	979	1090	6	OPTIMAL	107	107	10
110	True	991	1097	6	OPTIMAL	98	98	9
112	True	1013	1132	6	OPTIMAL	106	106	9
114	True	1026	1142	6	OPTIMAL	96	96	9
116	True	1051	1176	6	OPTIMAL	107	107	14
118	True	1064	1184	6	OPTIMAL	99	99	11
120	True	1085	1215	6	OPTIMAL	106	106	14
122	True	1098	1224	6	OPTIMAL	96	96	7
124	True	1123	1255	6	OPTIMAL	107	107	11
126	True	1137	1272	6	OPTIMAL	100	100	12
128	True	1157	1297	6	OPTIMAL	106	106	13
130	True	1170	1306	6	OPTIMAL	96	96	6
132	True	1195	1334	6	OPTIMAL	107	107	8
134	True	1207	1343	6	OPTIMAL	98	98	7
136	True	1229	1378	6	OPTIMAL	106	106	8
138	True	1242	1388	6	OPTIMAL	96	96	6
140	True	1267	1418	6	OPTIMAL	107	107	9
142	True	1280	1430	6	OPTIMAL	99	99	8

per residue class (n mod 8): differences per +8 in n
  res 0: n=[64, 72, 80, 88, 96, 104, 112, 120, 128, 136] X=[581, 653, 725, 797, 869, 941, 1013, 1085, 1157, 1229] T=[633, 714, 805, 886, 969, 1050, 1132, 1215, 1297, 1378] dX/dn=[9.0, 9.0, 9.0, 9.0, 9.0, 9.0, 9.0, 9.0, 9.0] dT/dn=[10.125, 11.375, 10.125, 10.375, 10.125, 10.25, 10.375, 10.25, 10.125]
  res 2: n=[66, 74, 82, 90, 98, 106, 114, 122, 130, 138] X=[594, 666, 738, 810, 882, 954, 1026, 1098, 1170, 1242] T=[650, 732, 814, 896, 978, 1063, 1142, 1224, 1306, 1388] dX/dn=[9.0, 9.0, 9.0, 9.0, 9.0, 9.0, 9.0, 9.0, 9.0] dT/dn=[10.25, 10.25, 10.25, 10.25, 10.625, 9.875, 10.25, 10.25, 10.25]
  res 4: n=[68, 76, 84, 92, 100, 108, 116, 124, 132, 140] X=[619, 691, 763, 835, 907, 979, 1051, 1123, 1195, 1267] T=[680, 753, 844, 926, 1008, 1090, 1176, 1255, 1334, 1418] dX/dn=[9.0, 9.0, 9.0, 9.0, 9.0, 9.0, 9.0, 9.0, 9.0] dT/dn=[9.125, 11.375, 10.25, 10.25, 10.25, 10.75, 9.875, 9.875, 10.5]
  res 6: n=[70, 78, 86, 94, 102, 110, 118, 126, 134, 142] X=[632, 705, 775, 848, 921, 991, 1064, 1137, 1207, 1280] T=[692, 780, 851, 938, 1026, 1097, 1184, 1272, 1343, 1430] dX/dn=[9.125, 8.75, 9.125, 9.125, 8.75, 9.125, 9.125, 8.75, 9.125] dT/dn=[11.0, 8.875, 10.875, 11.0, 8.875, 10.875, 11.0, 8.875, 10.875]
