n	valid	X	T	Z	status	cornerX	bound	secs
64	True	581	630	6	OPTIMAL	106	106	7
66	True	594	650	6	OPTIMAL	96	96	6
68	True	619	679	6	OPTIMAL	107	107	8
70	True	632	692	6	OPTIMAL	99	99	8
72	True	653	711	6	OPTIMAL	106	106	10
74	True	666	732	6	OPTIMAL	96	96	6
76	True	691	753	6	OPTIMAL	107	107	11
78	True	705	772	6	OPTIMAL	100	100	15
80	True	725	795	6	OPTIMAL	106	106	10
82	True	738	814	6	OPTIMAL	96	96	10
84	True	763	835	6	OPTIMAL	107	107	14
86	True	775	851	6	OPTIMAL	98	98	5
88	True	797	876	6	OPTIMAL	106	106	14
90	True	810	896	6	OPTIMAL	96	96	9
92	True	835	925	6	OPTIMAL	107	107	13
94	True	848	938	6	OPTIMAL	99	99	9
96	True	869	957	6	OPTIMAL	106	106	11
98	True	882	978	6	OPTIMAL	96	96	6
100	True	907	999	6	OPTIMAL	107	107	7
102	True	921	1018	6	OPTIMAL	100	100	13
104	True	941	1041	6	OPTIMAL	106	106	9
106	True	954	1060	6	OPTIMAL	96	96	7
108	True	979	1081	6	OPTIMAL	107	107	8
110	True	991	1097	6	OPTIMAL	98	98	8
112	True	1013	1122	6	OPTIMAL	106	106	8

per residue class (n mod 8): differences per +8 in n
  res 0: n=[64, 72, 80, 88, 96, 104, 112] X=[581, 653, 725, 797, 869, 941, 1013] T=[630, 711, 795, 876, 957, 1041, 1122] dX/dn=[9.0, 9.0, 9.0, 9.0, 9.0, 9.0] dT/dn=[10.125, 10.5, 10.125, 10.125, 10.5, 10.125]
  res 2: n=[66, 74, 82, 90, 98, 106] X=[594, 666, 738, 810, 882, 954] T=[650, 732, 814, 896, 978, 1060] dX/dn=[9.0, 9.0, 9.0, 9.0, 9.0] dT/dn=[10.25, 10.25, 10.25, 10.25, 10.25]
  res 4: n=[68, 76, 84, 92, 100, 108] X=[619, 691, 763, 835, 907, 979] T=[679, 753, 835, 925, 999, 1081] dX/dn=[9.0, 9.0, 9.0, 9.0, 9.0] dT/dn=[9.25, 10.25, 11.25, 9.25, 10.25]
  res 6: n=[70, 78, 86, 94, 102, 110] X=[632, 705, 775, 848, 921, 991] T=[692, 772, 851, 938, 1018, 1097] dX/dn=[9.125, 8.75, 9.125, 9.125, 8.75] dT/dn=[10.0, 9.875, 10.875, 10.0, 9.875]
