2842 feasible combos (for at least one n in [96, 98, 100, 102])
slope 7.333 B=b_free T=b_d7lowm20 L=l_d5lowm20 R=l_free  n=96:((1, 0, 0, 0), (2, 4, 2))  n=98:((1, 0, 0, 0), (2, 4, 2))  n=100:((1, 0, 0, 0), (2, 4, 2))  n=102:((1, 0, 0, 0), (2, 4, 2))
slope 7.333 B=b_free T=b_d7lowm20 L=l_d5lowm20 R=l_d3lowm21  n=96:((1, 0, 0, 0), (2, 4, 2))  n=98:((1, 0, 0, 0), (2, 4, 2))  n=100:((1, 0, 0, 0), (2, 4, 2))  n=102:((1, 0, 0, 0), (2, 4, 2))
slope 7.333 B=b_free T=b_d7lowm20 L=l_d5lowm20 R=l_din{1,3,5}lowm21  n=96:((1, 0, 0, 0), (2, 4, 2))  n=98:((1, 0, 0, 0), (2, 4, 2))  n=100:((1, 0, 0, 0), (2, 4, 2))  n=102:((1, 0, 0, 0), (2, 4, 2))
slope 7.333 B=b_free T=b_d7lowm20 L=l_din{1,3,5}lowm20 R=l_free  n=96:((1, 0, 0, 0), (2, 4, 2))  n=98:((1, 0, 0, 0), (2, 4, 2))  n=100:((1, 0, 0, 0), (2, 4, 2))  n=102:((1, 0, 0, 0), (2, 4, 2))
slope 7.333 B=b_free T=b_d7lowm20 L=l_din{1,3,5}lowm20 R=l_d3lowm21  n=96:((1, 0, 0, 0), (2, 4, 2))  n=98:((1, 0, 0, 0), (2, 4, 2))  n=100:((1, 0, 0, 0), (2, 4, 2))  n=102:((1, 0, 0, 0), (2, 4, 2))
slope 7.333 B=b_free T=b_d7lowm20 L=l_din{1,3,5}lowm20 R=l_din{1,3,5}lowm21  n=96:((1, 0, 0, 0), (2, 4, 2))  n=98:((1, 0, 0, 0), (2, 4, 2))  n=100:((1, 0, 0, 0), (2, 4, 2))  n=102:((1, 0, 0, 0), (2, 4, 2))
slope 7.333 B=b_free T=b_d7lowm21 L=l_d5lowm20 R=l_free  n=96:((1, 1, 0, 0), (2, 4, 2))  n=98:((1, 1, 0, 0), (2, 4, 2))  n=100:((1, 1, 0, 0), (2, 4, 2))  n=102:((1, 1, 0, 0), (2, 4, 2))
slope 7.333 B=b_free T=b_d7lowm21 L=l_d5lowm20 R=l_d3lowm21  n=96:((1, 1, 0, 0), (2, 4, 2))  n=98:((1, 1, 0, 0), (2, 4, 2))  n=100:((1, 1, 0, 0), (2, 4, 2))  n=102:((1, 1, 0, 0), (2, 4, 2))
slope 7.333 B=b_free T=b_d7lowm21 L=l_d5lowm20 R=l_din{1,3,5}lowm21  n=96:((1, 1, 0, 0), (2, 4, 2))  n=98:((1, 1, 0, 0), (2, 4, 2))  n=100:((1, 1, 0, 0), (2, 4, 2))  n=102:((1, 1, 0, 0), (2, 4, 2))
slope 7.333 B=b_free T=b_d7lowm21 L=l_din{1,3,5}lowm20 R=l_free  n=96:((1, 1, 0, 0), (2, 4, 2))  n=98:((1, 1, 0, 0), (2, 4, 2))  n=100:((1, 1, 0, 0), (2, 4, 2))  n=102:((1, 1, 0, 0), (2, 4, 2))
slope 7.333 B=b_free T=b_d7lowm21 L=l_din{1,3,5}lowm20 R=l_d3lowm21  n=96:((1, 1, 0, 0), (2, 4, 2))  n=98:((1, 1, 0, 0), (2, 4, 2))  n=100:((1, 1, 0, 0), (2, 4, 2))  n=102:((1, 1, 0, 0), (2, 4, 2))
slope 7.333 B=b_free T=b_d7lowm21 L=l_din{1,3,5}lowm20 R=l_din{1,3,5}lowm21  n=96:((1, 1, 0, 0), (2, 4, 2))  n=98:((1, 1, 0, 0), (2, 4, 2))  n=100:((1, 1, 0, 0), (2, 4, 2))  n=102:((1, 1, 0, 0), (2, 4, 2))
slope 7.333 B=b_d7lowm20 T=b_free L=l_free R=l_d5lowm20  n=96:((1, 0, 0, 0), (2, 4, 2))  n=98:((1, 0, 0, 0), (2, 4, 2))  n=100:((1, 0, 0, 0), (2, 4, 2))  n=102:((1, 0, 0, 0), (2, 4, 2))
slope 7.333 B=b_d7lowm20 T=b_free L=l_free R=l_din{1,3,5}lowm20  n=96:((1, 0, 0, 0), (2, 4, 2))  n=98:((1, 0, 0, 0), (2, 4, 2))  n=100:((1, 0, 0, 0), (2, 4, 2))  n=102:((1, 0, 0, 0), (2, 4, 2))
slope 7.333 B=b_d7lowm20 T=b_free L=l_d3lowm21 R=l_d5lowm20  n=96:((1, 0, 0, 0), (2, 4, 2))  n=98:((1, 0, 0, 0), (2, 4, 2))  n=100:((1, 0, 0, 0), (2, 4, 2))  n=102:((1, 0, 0, 0), (2, 4, 2))
