3549 feasible combos (for at least one n in [96, 98, 100, 102])
slope 8.000 B=b_T16 T=b_T16 L=l_free R=l_d5lowm20  n=96:((0, 1, 0, 0), (2, 4, 2))  n=98:((0, 1, 0, 0), (2, 4, 2))  n=100:((0, 1, 0, 0), (2, 4, 2))  n=102:((0, 1, 0, 0), (2, 4, 2))
slope 8.000 B=b_T16 T=b_T16 L=l_free R=l_din{1,3,5}lowm20  n=96:((0, 1, 0, 0), (2, 4, 2))  n=98:((0, 1, 0, 0), (2, 4, 2))  n=100:((0, 1, 0, 0), (2, 4, 2))  n=102:((0, 1, 0, 0), (2, 4, 2))
slope 8.000 B=b_T16 T=b_T16 L=l_d3lowm21 R=l_d5lowm20  n=96:((0, 1, 0, 0), (2, 4, 2))  n=98:((0, 1, 0, 0), (2, 4, 2))  n=100:((0, 1, 0, 0), (2, 4, 2))  n=102:((0, 1, 0, 0), (2, 4, 2))
slope 8.000 B=b_T16 T=b_T16 L=l_d3lowm21 R=l_din{1,3,5}lowm20  n=96:((0, 1, 0, 0), (2, 4, 2))  n=98:((0, 1, 0, 0), (2, 4, 2))  n=100:((0, 1, 0, 0), (2, 4, 2))  n=102:((0, 1, 0, 0), (2, 4, 2))
slope 8.000 B=b_T16 T=b_T16 L=l_d5lowm20 R=l_free  n=96:((0, 1, 0, 0), (2, 4, 2))  n=98:((0, 1, 0, 0), (2, 4, 2))  n=100:((0, 1, 0, 0), (2, 4, 2))  n=102:((0, 1, 0, 0), (2, 4, 2))
slope 8.000 B=b_T16 T=b_T16 L=l_d5lowm20 R=l_d3lowm21  n=96:((0, 1, 0, 0), (2, 4, 2))  n=98:((0, 1, 0, 0), (2, 4, 2))  n=100:((0, 1, 0, 0), (2, 4, 2))  n=102:((0, 1, 0, 0), (2, 4, 2))
slope 8.000 B=b_T16 T=b_T16 L=l_d5lowm20 R=l_din{1,3,5}lowm21  n=96:((0, 1, 0, 0), (2, 4, 2))  n=98:((0, 1, 0, 0), (2, 4, 2))  n=100:((0, 1, 0, 0), (2, 4, 2))  n=102:((0, 1, 0, 0), (2, 4, 2))
slope 8.000 B=b_T16 T=b_T16 L=l_din{1,3,5}lowm20 R=l_free  n=96:((0, 1, 0, 0), (2, 4, 2))  n=98:((0, 1, 0, 0), (2, 4, 2))  n=100:((0, 1, 0, 0), (2, 4, 2))  n=102:((0, 1, 0, 0), (2, 4, 2))
slope 8.000 B=b_T16 T=b_T16 L=l_din{1,3,5}lowm20 R=l_d3lowm21  n=96:((0, 1, 0, 0), (2, 4, 2))  n=98:((0, 1, 0, 0), (2, 4, 2))  n=100:((0, 1, 0, 0), (2, 4, 2))  n=102:((0, 1, 0, 0), (2, 4, 2))
slope 8.000 B=b_T16 T=b_T16 L=l_din{1,3,5}lowm20 R=l_din{1,3,5}lowm21  n=96:((0, 1, 0, 0), (2, 4, 2))  n=98:((0, 1, 0, 0), (2, 4, 2))  n=100:((0, 1, 0, 0), (2, 4, 2))  n=102:((0, 1, 0, 0), (2, 4, 2))
slope 8.000 B=b_T16 T=b_T16 L=l_din{1,3,5}lowm21 R=l_d5lowm20  n=96:((0, 1, 0, 0), (2, 4, 2))  n=98:((0, 1, 0, 0), (2, 4, 2))  n=100:((0, 1, 0, 0), (2, 4, 2))  n=102:((0, 1, 0, 0), (2, 4, 2))
slope 8.000 B=b_T16 T=b_T16 L=l_din{1,3,5}lowm21 R=l_din{1,3,5}lowm20  n=96:((0, 1, 0, 0), (2, 4, 2))  n=98:((0, 1, 0, 0), (2, 4, 2))  n=100:((0, 1, 0, 0), (2, 4, 2))  n=102:((0, 1, 0, 0), (2, 4, 2))
slope 8.250 B=b_T16 T=b_T18 L=l_free R=l_d5lowm20  n=96:((0, 1, 0, 0), (2, 4, 2))  n=98:((0, 1, 0, 0), (2, 4, 2))  n=100:((0, 1, 0, 0), (2, 4, 2))  n=102:((0, 1, 0, 0), (2, 4, 2))
slope 8.250 B=b_T16 T=b_T18 L=l_free R=l_din{1,3,5}lowm20  n=96:((0, 1, 0, 0), (2, 4, 2))  n=98:((0, 1, 0, 0), (2, 4, 2))  n=100:((0, 1, 0, 0), (2, 4, 2))  n=102:((0, 1, 0, 0), (2, 4, 2))
slope 8.250 B=b_T16 T=b_T18 L=l_d3lowm21 R=l_d5lowm20  n=96:((0, 1, 0, 0), (2, 4, 2))  n=98:((0, 1, 0, 0), (2, 4, 2))  n=100:((0, 1, 0, 0), (2, 4, 2))  n=102:((0, 1, 0, 0), (2, 4, 2))
slope 8.250 B=b_T16 T=b_T18 L=l_d3lowm21 R=l_din{1,3,5}lowm20  n=96:((0, 1, 0, 0), (2, 4, 2))  n=98:((0, 1, 0, 0), (2, 4, 2))  n=100:((0, 1, 0, 0), (2, 4, 2))  n=102:((0, 1, 0, 0), (2, 4, 2))
slope 8.250 B=b_T16 T=b_T18 L=l_din{1,3,5}lowm21 R=l_d5lowm20  n=96:((0, 1, 0, 0), (2, 4, 2))  n=98:((0, 1, 0, 0), (2, 4, 2))  n=100:((0, 1, 0, 0), (2, 4, 2))  n=102:((0, 1, 0, 0), (2, 4, 2))
slope 8.250 B=b_T16 T=b_T18 L=l_din{1,3,5}lowm21 R=l_din{1,3,5}lowm20  n=96:((0, 1, 0, 0), (2, 4, 2))  n=98:((0, 1, 0, 0), (2, 4, 2))  n=100:((0, 1, 0, 0), (2, 4, 2))  n=102:((0, 1, 0, 0), (2, 4, 2))
slope 8.250 B=b_T18 T=b_T16 L=l_d5lowm20 R=l_free  n=96:((0, 1, 0, 0), (2, 4, 2))  n=98:((0, 1, 0, 0), (2, 4, 2))  n=100:((0, 1, 0, 0), (2, 4, 2))  n=102:((0, 1, 0, 0), (2, 4, 2))
slope 8.250 B=b_T18 T=b_T16 L=l_d5lowm20 R=l_d3lowm21  n=96:((0, 1, 0, 0), (2, 4, 2))  n=98:((0, 1, 0, 0), (2, 4, 2))  n=100:((0, 1, 0, 0), (2, 4, 2))  n=102:((0, 1, 0, 0), (2, 4, 2))
slope 8.250 B=b_T18 T=b_T16 L=l_d5lowm20 R=l_din{1,3,5}lowm21  n=96:((0, 1, 0, 0), (2, 4, 2))  n=98:((0, 1, 0, 0), (2, 4, 2))  n=100:((0, 1, 0, 0), (2, 4, 2))  n=102:((0, 1, 0, 0), (2, 4, 2))
slope 8.250 B=b_T18 T=b_T16 L=l_din{1,3,5}lowm20 R=l_free  n=96:((0, 1, 0, 0), (2, 4, 2))  n=98:((0, 1, 0, 0), (2, 4, 2))  n=100:((0, 1, 0, 0), (2, 4, 2))  n=102:((0, 1, 0, 0), (2, 4, 2))
slope 8.250 B=b_T18 T=b_T16 L=l_din{1,3,5}lowm20 R=l_d3lowm21  n=96:((0, 1, 0, 0), (2, 4, 2))  n=98:((0, 1, 0, 0), (2, 4, 2))  n=100:((0, 1, 0, 0), (2, 4, 2))  n=102:((0, 1, 0, 0), (2, 4, 2))
slope 8.250 B=b_T18 T=b_T16 L=l_din{1,3,5}lowm20 R=l_din{1,3,5}lowm21  n=96:((0, 1, 0, 0), (2, 4, 2))  n=98:((0, 1, 0, 0), (2, 4, 2))  n=100:((0, 1, 0, 0), (2, 4, 2))  n=102:((0, 1, 0, 0), (2, 4, 2))
slope 8.500 B=b_T18 T=b_T18 L=l_lanes4o0 R=l_lanes4o0  n=96:((0, 1, 1, 3), (2, 4, 2))  n=98:((0, 5, 1, 2), (2, 4, 2))  n=100:((0, 1, 1, 1), (2, 4, 2))  n=102:((0, 5, 1, 0), (2, 4, 2))
