n	valid	X	T	Z	status	cornerX	bound	secs
64	True	578	663	6	OPTIMAL	104	104	8
66	True	596	679	6	OPTIMAL	98	98	5
68	True	616	706	6	OPTIMAL	105	105	10
70	True	633	731	6	OPTIMAL	100	100	10
72	True	651	751	6	OPTIMAL	105	105	5
74	True	666	772	6	OPTIMAL	96	96	5
76	True	688	790	6	OPTIMAL	105	105	10
78	True	705	813	6	OPTIMAL	100	100	13
80	True	722	835	6	OPTIMAL	104	104	6
82	True	738	858	6	OPTIMAL	96	96	4
84	True	760	876	6	OPTIMAL	105	105	10
86	True	776	902	6	OPTIMAL	99	99	12
88	True	794	921	6	OPTIMAL	104	104	5
90	True	812	937	6	OPTIMAL	98	98	5
92	True	832	964	6	OPTIMAL	105	105	8
94	True	849	989	6	OPTIMAL	100	100	8
96	True	867	1009	6	OPTIMAL	105	105	6
98	True	882	1030	6	OPTIMAL	96	96	3
100	True	904	1048	6	OPTIMAL	105	105	10
102	True	921	1071	6	OPTIMAL	100	100	8
104	True	938	1093	6	OPTIMAL	104	104	5
106	True	954	1116	6	OPTIMAL	96	96	4
108	True	976	1134	6	OPTIMAL	105	105	11
110	True	992	1160	6	OPTIMAL	99	99	9
112	True	1010	1179	6	OPTIMAL	104	104	6

per residue class (n mod 8): differences per +8 in n
  res 0: n=[64, 72, 80, 88, 96, 104, 112] X=[578, 651, 722, 794, 867, 938, 1010] T=[663, 751, 835, 921, 1009, 1093, 1179] dX/dn=[9.125, 8.875, 9.0, 9.125, 8.875, 9.0] dT/dn=[11.0, 10.5, 10.75, 11.0, 10.5, 10.75]
  res 2: n=[66, 74, 82, 90, 98, 106] X=[596, 666, 738, 812, 882, 954] T=[679, 772, 858, 937, 1030, 1116] dX/dn=[8.75, 9.0, 9.25, 8.75, 9.0] dT/dn=[11.625, 10.75, 9.875, 11.625, 10.75]
  res 4: n=[68, 76, 84, 92, 100, 108] X=[616, 688, 760, 832, 904, 976] T=[706, 790, 876, 964, 1048, 1134] dX/dn=[9.0, 9.0, 9.0, 9.0, 9.0] dT/dn=[10.5, 10.75, 11.0, 10.5, 10.75]
  res 6: n=[70, 78, 86, 94, 102, 110] X=[633, 705, 776, 849, 921, 992] T=[731, 813, 902, 989, 1071, 1160] dX/dn=[9.0, 8.875, 9.125, 9.0, 8.875] dT/dn=[10.25, 11.125, 10.875, 10.25, 11.125]
