48 ((5, 9), [5, 9], 100)
50 ((5, 13), [5, 13], 100)
52 ((5, 13), [5, 13], 100)
54 ((5, 13), [5, 13], 100)
56 ((5, 13), [5, 13], 100)
58 ((5, 13), [5, 13], 100)
60 ((5, 13), [5, 13], 100)
62 ((5, 13), [5, 13], 100)
64 ((5, 13), [5, 13], 100)
66 ((7, 15), [7, 15], 100)
68 ((7, 15), [7, 15], 100)
70 ((7, 15), [7, 15], 100)
72 ((7, 15), [7, 15], 100)
74 None
76 None
78 None
80 None
82 ((5, 9), [5, 9, 21], 128)
84 ((5, 9), [5, 9, 21], 128)
86 ((5, 9), [5, 9, 21], 128)
88 ((5, 9), [5, 9, 21], 128)
90 ((5, 9), [5, 9, 21], 128)
92 ((5, 9), [5, 9, 21], 128)
94 ((5, 9), [5, 9, 21], 128)
96 ((5, 9), [5, 9, 21], 128)
98 None
100 None
102 None
104 None
106 None
108 None
110 None
112 None
114 ((5, 13), [5, 13, 29], 128)
116 ((5, 13), [5, 13, 29], 128)
118 ((5, 13), [5, 13, 29], 128)
120 ((5, 13), [5, 13, 29], 128)
122 ((5, 13), [5, 13, 29], 128)
124 ((5, 13), [5, 13, 29], 128)
126 ((5, 13), [5, 13, 29], 128)
128 ((5, 13), [5, 13, 29], 128)
130 ((7, 15), [7, 15, 33], 128)
132 ((7, 15), [7, 15, 33], 128)
134 ((7, 15), [7, 15, 33], 128)
136 ((7, 15), [7, 15, 33], 128)
138 ((7, 15), [7, 15, 33], 128)
140 ((7, 15), [7, 15, 33], 128)
142 ((7, 15), [7, 15, 33], 128)
144 ((7, 15), [7, 15, 33], 128)
146 None
148 None
150 None
152 None
154 None
156 None
158 None
160 None
162 None
164 None
166 None
168 None
170 None
172 None
174 None
176 None
178 ((5, 9), [5, 9, 21, 45], 156)
180 ((5, 9), [5, 9, 21, 45], 156)
182 ((5, 9), [5, 9, 21, 45], 156)
184 ((5, 9), [5, 9, 21, 45], 156)
186 ((5, 9), [5, 9, 21, 45], 156)
188 ((5, 9), [5, 9, 21, 45], 156)
190 ((5, 9), [5, 9, 21, 45], 156)
192 ((5, 9), [5, 9, 21, 45], 156)
194 None
196 None
198 None
200 None
