R 5 W 4 min bad quarters 12
1111 1111 1111 1111 1111 1111 1111 1111  y = 3
1111 1111 1111 1111 1111 1111 1111 1111  y = 2
1111 1111 1111 0011 2200 1111 1111 1111  y = 1
1111 1111 1111 2200 1122 1111 1111 1111  y = 0
1111 1111 1111 1111 1111 1111 1111 1111  y = -1
1111 1111 1111 1111 1111 1111 1111 1111  y = -2
1111 1111 1111 1111 1111 1111 1111 1111  y = -3
1111 1111 1111 1111 1111 1111 1111 1111  y = -4
vertex move pairs (move index 0..7 = (1,2),(2,1),(2,-1),(1,-2),(-1,-2),(-2,-1),(-2,1),(-1,2)):
57 26 26 67 27 67 67 67 67 67 01  y = 5
23 27 27 26 26 27 26 27 27 07 07  y = 4
25 26 26 26 26 26 26 26 26 26 06  y = 3
56 57 56 56 56 56 46 56 56 56 56  y = 2
15 15 15 15 45 14 15 15 15 15 15  y = 1
15 15 15 45 14 01 15 15 15 15 45  y = 0
15 15 45 04 01 15 15 15 15 45 01  y = -1
14 45 04 01 15 15 15 15 45 04 04  y = -2
45 05 01 15 15 15 15 45 04 14 03  y = -3
05 01 15 15 14 14 45 04 04 04 34  y = -4
14 15 45 45 15 45 05 05 05 45 45  y = -5
